[Lod]
Utiliy=/home/ArcVIEW/Modules/AstroSDSU-II/DSPfiles/EEV39/util.lod
Timing=/home/ArcVIEW/Modules/AstroSDSU-II/DSPfiles/EEV39/tim.lod
[Geometry]
DataColumns=2048.000000000
DataRows=2048.000000000
Trim=24.000000000
Bias=64.000000000
IgnoredBias=14.000000000
[Roi]
Xstart=1.000000000
Xsize=2048.000000000
Ystart=1.000000000
Ysize=2048.000000000
[Binning]
X=1.000000000
Y=1.000000000
[Misc]
ReadoutMode=6.000000000
Temperature=-110
Commands="power on,"
