[Lod]
Utiliy=/home/ArcVIEW/Modules/AstroSDSU-II/DSPfiles/GND/util.lod
Timing=/home/ArcVIEW/Modules/AstroSDSU-II/DSPfiles/GND/timground.lod
[Geometry]
DataColumns=2048.000000000
DataRows=2048.000000000
Trim=0.000000000
Bias=0.000000000
IgnoredBias=0.000000000
[Roi]
Xstart=1.000000000
Xsize=2048.000000000
Ystart=1.000000000
Ysize=2048.000000000
[Binning]
X=1.000000000
Y=1.000000000
[Misc]
ReadoutMode=11.000000000
Temperature=-110
Commands="SET MultipleExtensions yes     ,SET OutputType 32_bits_long  ,SET write_to_disk yes,power on      ,"
