[Lod]
Utiliy=/home/ArcVIEW/Modules/AstroSDSU-II/DSPfiles/EEV39/util.lod
Timing=/home/ArcVIEW/Modules/AstroSDSU-II/DSPfiles/EEV39/tim.lod
[Geometry]
DataColumns=4096.000000000
DataRows=4096.000000000
Trim=24.000000000
Bias=64.000000000
IgnoredBias=14.000000000
[Roi]
Xstart=1.000000000
Xsize=4096.000000000
Ystart=1.000000000
Ysize=4096.000000000
[Binning]
X=1.000000000
Y=1.000000000
[Misc]
ReadoutMode=7.000000000
Temperature=-110
Commands="SET MultipleExtensions yes     ,power on      ,autoshutter on      ,"
